# Timidity tuning file created by Scala
8415
8916
9446
10008
10603
11233
11901
12609
13359
14153
14994
15886
16831
17832
18892
20015
21205
22466
23802
25218
26717
28306
29989
31772
33661
35663
37784
40030
42411
44933
47605
50435
53434
56612
59978
63544
67323
71326
75567
80061
84822
89865
95209
100870
106869
113223
119956
127089
134646
142652
151135
160122
169643
179731
190418
201741
213737
226446
239912
254178
269292
285305
302270
320244
339286
359461
380836
403482
427474
452893
479823
508355
538584
570609
604540
640487
678573
718923
761672
806964
854948
905786
959647
1016710
1077167
1141219
1209079
1280975
1357146
1437846
1523344
1613927
1709896
1811572
1919294
2033421
2154334
2282438
2418158
2561950
2714291
2875691
3046689
3227854
3419792
3623144
3838587
4066841
4308668
4564875
4836317
5123899
5428582
5751382
6093377
6455708
6839585
7246288
7677174
8133683
8617337
9129750
9672634
10247798
10857164
11502765
12186755
12911417
